DBRep_DrawableShape

CASCADE Topology V2, (c) Matra-Datavision
Locations 0
Curve2ds 0
Curves 200
1 3 0 0 -0.062790519529313304 0.99802672842827167 0 
1 2.9763441039434335 0.37599970069291277 0 -0.06398459046946936 0.17196353607790762 0.98302315051174483 
1 2 3 15 0.065232807305344226 -0.19569842191603265 -0.97849210958016331 
1 2.9763441039434335 0.37599970069291277 0 -0.18738131458572507 0.98228725072868861 0 
1 2.9057494833858932 0.74606966149456433 0 -0.059606768698935331 0.14832965054374436 0.98713998394090097 
1 2 3 15 0.06398459046946936 -0.17196353607790762 -0.98302315051174483 
1 2.9057494833858932 0.74606966149456433 0 -0.3090169943749474 0.95105651629515353 0 
1 2.789329457664754 1.104373658054034 0 -0.052135726430089596 0.1252073584961042 0.99075980106584616 
1 2 3 15 0.059606768698935331 -0.14832965054374436 -0.98713998394090097 
1 2.789329457664754 1.104373658054034 0 -0.42577929156507194 0.90482705246601991 0 
1 2.6289200401315909 1.4452610223051461 0 -0.041668360861404581 0.10300741053556758 0.99380743661832238 
1 2 3 15 0.052135726430089596 -0.1252073584961042 -0.99075980106584616 
1 2.6289200401315909 1.4452610223051461 0 -0.53582679497899699 0.84432792550201496 0 
1 2.4270509831248424 1.7633557568774194 0 -0.028362388142669545 0.082131139849377158 0.996217873161231 
1 2 3 15 0.041668360861404581 -0.10300741053556758 -0.99380743661832238 
1 2.4270509831248424 1.7633557568774194 0 -0.63742398974868986 0.77051324277578914 0 
1 2.1869058822642344 2.0536413177860662 0 -0.012434705683922525 0.062960520782961216 0.99793855067198023 
1 2 3 15 0.028362388142669545 -0.082131139849377158 -0.996217873161231 
1 2.1869058822642344 2.0536413177860662 0 -0.72896862742141155 0.68454710592868862 0 
1 1.9122719692460688 2.311539728327368 0 0.0058422852258456174 0.045848302295266548 0.99893132941157758 
1 2 3 15 0.012434705683922525 -0.062960520782961216 -0.99793855067198023 
1 1.9122719692460688 2.311539728327368 0 -0.80901699437494801 0.58778525229247247 0 
1 1.6074803849369896 2.532983776506045 0 0.026146358734709982 0.031108696854403744 0.99917396728744723 
1 2 3 15 -0.0058422852258456174 -0.045848302295266548 -0.99893132941157758 
1 1.6074803849369896 2.532983776506045 0 -0.87630668004386303 0.48175367410171632 0 
1 1.277337874695218 2.7144811573980587 0 0.048112965469676486 0.019009102226376626 0.99866100183508766 
1 2 3 15 -0.026146358734709982 -0.031108696854403744 -0.99917396728744723 
1 1.277337874695218 2.7144811573980587 0 -0.92977648588825179 0.36812455268467714 0 
1 0.92705098312484235 2.8531695488854605 0 0.071344240539354967 0.0097632849819150151 0.99740396911593676 
1 2 3 15 -0.048112965469676486 -0.019009102226376626 -0.99866100183508766 
1 0.92705098312484235 2.8531695488854605 0 -0.96858316112863097 0.24868988716485513 0 
1 0.56214394375717358 2.9468617521860661 0 0.095419093948823974 0.0035263637402500598 0.99543094249111874 
1 2 3 15 -0.071344240539354967 -0.0097632849819150151 -0.99740396911593676 
1 0.56214394375717358 2.9468617521860661 0 -0.99211470131447788 0.12533323356430365 0 
1 0.18837155858793991 2.9940801852848145 0 0.11990388772619175 0.00039180705201128898 0.99278542706638206 
1 2 3 15 -0.095419093948823974 -0.0035263637402500598 -0.99543094249111874 
1 0.18837155858793991 2.9940801852848145 0 -1 0 0 
1 -0.18837155858794019 2.9940801852848145 0 0.1443631797753635 0.00039052018959550493 0.98952469389052022 
1 2 3 15 -0.11990388772619175 -0.00039180705201128898 -0.99278542706638206 
1 -0.18837155858794019 2.9940801852848145 0 -0.99211470131447765 -0.12533323356430459 0 
1 -0.56214394375717447 2.9468617521860656 0 0.16837003822897184 0.0034919540089277078 0.98571767585043035 
1 2 3 15 -0.1443631797753635 -0.00039052018959550493 -0.98952469389052022 
1 -0.56214394375717447 2.9468617521860656 0 -0.96858316112863119 -0.24868988716485438 0 
1 -0.92705098312484269 2.8531695488854605 0 0.1915154960854403 0.0096070436927031336 0.98144257064314988 
1 2 3 15 -0.16837003822897184 -0.0034919540089277078 -0.98571767585043035 
1 -0.92705098312484269 2.8531695488854605 0 -0.92977648588825124 -0.3681245526846782 0 
1 -1.2773378746952182 2.7144811573980583 0 0.21341681292272716 0.018592688257129696 0.97678430367470537 
1 2 3 15 -0.1915154960854403 -0.0096070436927031336 -0.98144257064314988 
1 -1.2773378746952182 2.7144811573980583 0 -0.87630668004386392 -0.48175367410171466 0 
1 -1.6074803849369905 2.532983776506045 0 0.23372432423985209 0.030257420581118109 0.97183199615900784 
1 2 3 15 -0.21341681292272716 -0.018592688257129696 -0.97678430367470537 
1 -1.6074803849369905 2.532983776506045 0 -0.80901699437494756 -0.58778525229247292 0 
1 -1.9122719692460692 2.311539728327368 0 0.25212677496946478 0.044367893989965268 0.96667656396873103 
1 2 3 15 -0.23372432423985209 -0.030257420581118109 -0.97183199615900784 
1 -1.9122719692460692 2.311539728327368 0 -0.728968627421411 -0.68454710592868917 0 
1 -2.1869058822642349 2.0536413177860657 0 0.26835513949061707 0.060655821581625309 0.96140854500947182 
1 2 3 15 -0.25212677496946478 -0.044367893989965268 -0.96667656396873103 
1 -2.1869058822642349 2.0536413177860657 0 -0.63742398974868941 -0.77051324277578959 0 
1 -2.4270509831248419 1.7633557568774196 0 0.28218501720877565 0.078825041400441012 0.95611622144543795 
1 2 3 15 -0.26835513949061707 -0.060655821581625309 -0.96140854500947182 
1 -2.4270509831248419 1.7633557568774196 0 -0.53582679497899699 -0.84432792550201485 0 
1 -2.6289200401315909 1.4452610223051456 0 0.29343775577024034 0.098558435330052999 0.95088407196346314 
1 2 3 15 -0.28218501720877565 -0.078825041400441012 -0.95611622144543795 
1 -2.6289200401315909 1.4452610223051456 0 -0.42577929156507266 -0.90482705246601958 0 
1 -2.7893294576647545 1.1043736580540333 0 0.30198049240792313 0.11952449319312271 0.9457915614616127 
1 2 3 15 -0.29343775577024034 -0.098558435330052999 -0.95088407196346314 
1 -2.7893294576647545 1.1043736580540333 0 -0.30901699437494695 -0.95105651629515375 0 
1 -2.9057494833858932 0.74606966149456444 0 0.30772531993684876 0.14138337819346741 0.94091225299725323 
1 2 3 15 -0.30198049240792313 -0.11952449319312271 -0.9457915614616127 
1 -2.9057494833858932 0.74606966149456444 0 -0.18738131458572477 -0.98228725072868861 0 
1 -2.9763441039434335 0.37599970069291228 0 0.31062778158228704 0.16379240961233232 0.93631321034291348 
1 2 3 15 -0.30772531993684876 -0.14138337819346741 -0.94091225299725323 
1 -2.9763441039434335 0.37599970069291228 0 -0.062790519529313235 -0.99802672842827167 0 
1 -3 -9.6487358980598201e-16 0 0.31068488300060004 0.18641092980036006 0.93205464900180002 
1 2 3 15 -0.31062778158228704 -0.16379240961233232 -0.93631321034291348 
1 -3 -9.6487358980598201e-16 0 0.062790519529313443 -0.99802672842827167 0 
1 -2.9763441039434335 -0.37599970069291289 0 0.30793278536983049 0.20890456317485789 0.92818978834024013 
1 2 3 15 -0.31068488300060004 -0.18641092980036006 -0.93205464900180002 
1 -2.9763441039434335 -0.37599970069291289 0 0.1873813145857248 -0.98228725072868861 0 
1 -2.9057494833858932 -0.746069661494565 0 0.30244431449434861 0.23094890488309894 0.92476485657887164 
1 2 3 15 -0.30793278536983049 -0.20890456317485789 -0.92818978834024013 
1 -2.9057494833858932 -0.746069661494565 0 0.30901699437494834 -0.95105651629515342 0 
1 -2.7893294576647536 -1.1043736580540349 0 0.29432639078477429 0.25223269684941885 0.92181920262472172 
1 2 3 15 -0.30244431449434861 -0.23094890488309894 -0.92476485657887164 
1 -2.7893294576647536 -1.1043736580540349 0 0.42577929156507188 -0.90482705246601991 0 
1 -2.6289200401315909 -1.4452610223051461 0 0.28371745605880655 0.27246056052632367 0.91938547306622198 
1 2 3 15 -0.29432639078477429 -0.25223269684941885 -0.92181920262472172 
1 -2.6289200401315909 -1.4452610223051461 0 0.53582679497899777 -0.8443279255020143 0 
1 -2.4270509831248415 -1.7633557568774201 0 0.2707849467792578 0.29135536049469307 0.91748981820441045 
1 2 3 15 -0.28371745605880655 -0.27246056052632367 -0.91938547306622198 
1 -2.4270509831248415 -1.7633557568774201 0 0.63742398974868941 -0.77051324277578959 0 
1 -2.1869058822642344 -2.0536413177860662 0 0.2557228402875284 0.30866027274531943 0.91615209707999046 
1 2 3 15 -0.2707849467792578 -0.29135536049469307 -0.91748981820441045 
1 -2.1869058822642344 -2.0536413177860662 0 0.72896862742141189 -0.68454710592868828 0 
1 -1.9122719692460686 -2.311539728327368 0 0.23874928095033374 0.32414062745276623 0.91538605761734504 
1 2 3 15 -0.2557228402875284 -0.30866027274531943 -0.91615209707999046 
1 -1.9122719692460686 -2.311539728327368 0 0.80901699437494734 -0.58778525229247336 0 
1 -1.607480384936989 -2.5329837765060459 0 0.22010427671174337 0.3375855894520533 0.91519947397685397 
1 2 3 15 -0.23874928095033374 -0.32414062745276623 -0.91538605761734504 
1 -1.607480384936989 -2.5329837765060459 0 0.87630668004386414 -0.48175367410171444 0 
1 -1.2773378746952164 -2.7144811573980592 0 0.20004744294386764 0.34880973125015569 0.91559422887915476 
1 2 3 15 -0.22010427671174337 -0.3375855894520533 -0.91519947397685397 
1 -1.2773378746952164 -2.7144811573980592 0 0.92977648588825146 -0.36812455268467781 0 
1 -0.92705098312484269 -2.8531695488854605 0 0.17885575927922712 0.35765454373409861 0.91656633405280863 
1 2 3 15 -0.20004744294386764 -0.34880973125015569 -0.91559422887915476 
1 -0.92705098312484269 -2.8531695488854605 0 0.96858316112863097 -0.24868988716485513 0 
1 -0.56214394375717391 -2.9468617521860661 0 0.15682129590018257 0.36398991898537747 0.91810588715529196 
1 2 3 15 -0.17885575927922712 -0.35765454373409861 -0.91656633405280863 
1 -0.56214394375717391 -2.9468617521860661 0 0.99211470131447788 -0.12533323356430343 0 
1 -0.18837155858793964 -2.9940801852848145 0 0.13424885830194591 0.36771562776297434 0.92019696866676637 
1 2 3 15 -0.15682129590018257 -0.36398991898537747 -0.91810588715529196 
1 -0.18837155858793964 -2.9940801852848145 0 1 0 0 
1 0.18837155858794116 -2.9940801852848145 0 0.11145349377344381 0.36876280110034548 0.9228174875078603 
1 2 3 15 -0.13424885830194591 -0.36771562776297434 -0.92019696866676637 
1 0.18837155858794116 -2.9940801852848145 0 0.99211470131447765 0.12533323356430465 0 
1 0.56214394375717536 -2.9468617521860656 0 0.088757798928616044 0.36709541081327013 0.92593898961496601 
1 2 3 15 -0.11145349377344381 -0.36876280110034548 -0.9228174875078603 
1 0.56214394375717536 -2.9468617521860656 0 0.96858316112863119 0.24868988716485449 0 
1 0.92705098312484169 -2.8531695488854609 0 0.066488966009280115 0.36271172726903234 0.92952644948948715 
1 2 3 15 -0.088757798928616044 -0.36709541081327013 -0.92593898961496601 
1 0.92705098312484169 -2.8531695488854609 0 0.92977648588825146 0.36812455268467775 0 
1 1.2773378746952178 -2.7144811573980587 0 0.04497550708629066 0.35564571435182979 0.93353807079599482 
1 2 3 15 -0.066488966009280115 -0.36271172726903234 -0.92952644948948715 
1 1.2773378746952178 -2.7144811573980587 0 0.87630668004386358 0.48175367410171532 0 
1 1.6074803849369903 -2.532983776506045 0 0.024543600686805341 0.34596830121556399 0.93792512825883045 
1 2 3 15 -0.04497550708629066 -0.35564571435182979 -0.93353807079599482 
1 1.6074803849369903 -2.532983776506045 0 0.80901699437494734 0.58778525229247336 0 
1 1.9122719692460699 -2.3115397283273671 0 0.0055130159569031587 0.33378844853054024 0.94263188906520334 
1 2 3 15 -0.024543600686805341 -0.34596830121556399 -0.93792512825883045 
1 1.9122719692460699 -2.3115397283273671 0 0.72896862742141133 0.68454710592868895 0 
1 2.1869058822642358 -2.0536413177860648 0 -0.011807413489113038 0.31925390438171369 0.94759565718914562 
1 2 3 15 -0.0055130159569031587 -0.33378844853054024 -0.94263188906520334 
1 2.1869058822642358 -2.0536413177860648 0 0.63742398974868886 0.77051324277578992 0 
1 2.4270509831248432 -1.7633557568774179 0 -0.027124769185872814 0.30255152326327034 0.95274698775051925 
1 2 3 15 0.011807413489113038 -0.31925390438171369 -0.94759565718914562 
1 2.4270509831248432 -1.7633557568774179 0 0.5358267949789971 0.84432792550201463 0 
1 2.6289200401315909 -1.4452610223051461 0 -0.040167450864413659 0.28390700295633076 0.95801011976043815 
1 2 3 15 0.027124769185872814 -0.30255152326327034 -0.95274698775051925 
1 2.6289200401315909 -1.4452610223051461 0 0.42577929156507238 0.90482705246601958 0 
1 2.7893294576647545 -1.1043736580540335 0 -0.050690931066636649 0.26358388142217493 0.96330367328377731 
1 2 3 15 0.040167450864413659 -0.28390700295633076 -0.95801011976043815 
1 2.7893294576647545 -1.1043736580540335 0 0.30901699437494706 0.95105651629515364 0 
1 2.9057494833858937 -0.74606966149456344 0 -0.058483739945345239 0.24188163274574556 0.96854165006067627 
1 2 3 15 0.050690931066636649 -0.26358388142217493 -0.96330367328377731 
1 2.9057494833858937 -0.74606966149456344 0 0.18738131458572366 0.98228725072868894 0 
1 2.9763441039434335 -0.37599970069291133 0 -0.063373504084276444 0.21913271146539726 0.97363476403932037 
1 2 3 15 0.058483739945345239 -0.24188163274574556 -0.96854165006067627 
1 2.9763441039434335 -0.37599970069291133 0 0.062790519529313554 0.99802672842827167 0 
1 3 0 0 -0.065232807305344226 0.19569842191603265 0.97849210958016331 
1 2 3 15 0.063373504084276444 -0.21913271146539726 -0.97363476403932037 
1 3 0 0 -0.062790519529313304 0.99802672842827167 0 
1 2.9763441039434335 0.37599970069291277 0 -0.18738131458572507 0.98228725072868861 0 
1 2.9057494833858932 0.74606966149456433 0 -0.3090169943749474 0.95105651629515353 0 
1 2.789329457664754 1.104373658054034 0 -0.42577929156507194 0.90482705246601991 0 
1 2.6289200401315909 1.4452610223051461 0 -0.53582679497899699 0.84432792550201496 0 
1 2.4270509831248424 1.7633557568774194 0 -0.63742398974868986 0.77051324277578914 0 
1 2.1869058822642344 2.0536413177860662 0 -0.72896862742141155 0.68454710592868862 0 
1 1.9122719692460688 2.311539728327368 0 -0.80901699437494801 0.58778525229247247 0 
1 1.6074803849369896 2.532983776506045 0 -0.87630668004386303 0.48175367410171632 0 
1 1.277337874695218 2.7144811573980587 0 -0.92977648588825179 0.36812455268467714 0 
1 0.92705098312484235 2.8531695488854605 0 -0.96858316112863097 0.24868988716485513 0 
1 0.56214394375717358 2.9468617521860661 0 -0.99211470131447788 0.12533323356430365 0 
1 0.18837155858793991 2.9940801852848145 0 -1 0 0 
1 -0.18837155858794019 2.9940801852848145 0 -0.99211470131447765 -0.12533323356430459 0 
1 -0.56214394375717447 2.9468617521860656 0 -0.96858316112863119 -0.24868988716485438 0 
1 -0.92705098312484269 2.8531695488854605 0 -0.92977648588825124 -0.3681245526846782 0 
1 -1.2773378746952182 2.7144811573980583 0 -0.87630668004386392 -0.48175367410171466 0 
1 -1.6074803849369905 2.532983776506045 0 -0.80901699437494756 -0.58778525229247292 0 
1 -1.9122719692460692 2.311539728327368 0 -0.728968627421411 -0.68454710592868917 0 
1 -2.1869058822642349 2.0536413177860657 0 -0.63742398974868941 -0.77051324277578959 0 
1 -2.4270509831248419 1.7633557568774196 0 -0.53582679497899699 -0.84432792550201485 0 
1 -2.6289200401315909 1.4452610223051456 0 -0.42577929156507266 -0.90482705246601958 0 
1 -2.7893294576647545 1.1043736580540333 0 -0.30901699437494695 -0.95105651629515375 0 
1 -2.9057494833858932 0.74606966149456444 0 -0.18738131458572477 -0.98228725072868861 0 
1 -2.9763441039434335 0.37599970069291228 0 -0.062790519529313235 -0.99802672842827167 0 
1 -3 -9.6487358980598201e-16 0 0.062790519529313443 -0.99802672842827167 0 
1 -2.9763441039434335 -0.37599970069291289 0 0.1873813145857248 -0.98228725072868861 0 
1 -2.9057494833858932 -0.746069661494565 0 0.30901699437494834 -0.95105651629515342 0 
1 -2.7893294576647536 -1.1043736580540349 0 0.42577929156507188 -0.90482705246601991 0 
1 -2.6289200401315909 -1.4452610223051461 0 0.53582679497899777 -0.8443279255020143 0 
1 -2.4270509831248415 -1.7633557568774201 0 0.63742398974868941 -0.77051324277578959 0 
1 -2.1869058822642344 -2.0536413177860662 0 0.72896862742141189 -0.68454710592868828 0 
1 -1.9122719692460686 -2.311539728327368 0 0.80901699437494734 -0.58778525229247336 0 
1 -1.607480384936989 -2.5329837765060459 0 0.87630668004386414 -0.48175367410171444 0 
1 -1.2773378746952164 -2.7144811573980592 0 0.92977648588825146 -0.36812455268467781 0 
1 -0.92705098312484269 -2.8531695488854605 0 0.96858316112863097 -0.24868988716485513 0 
1 -0.56214394375717391 -2.9468617521860661 0 0.99211470131447788 -0.12533323356430343 0 
1 -0.18837155858793964 -2.9940801852848145 0 1 0 0 
1 0.18837155858794116 -2.9940801852848145 0 0.99211470131447765 0.12533323356430465 0 
1 0.56214394375717536 -2.9468617521860656 0 0.96858316112863119 0.24868988716485449 0 
1 0.92705098312484169 -2.8531695488854609 0 0.92977648588825146 0.36812455268467775 0 
1 1.2773378746952178 -2.7144811573980587 0 0.87630668004386358 0.48175367410171532 0 
1 1.6074803849369903 -2.532983776506045 0 0.80901699437494734 0.58778525229247336 0 
1 1.9122719692460699 -2.3115397283273671 0 0.72896862742141133 0.68454710592868895 0 
1 2.1869058822642358 -2.0536413177860648 0 0.63742398974868886 0.77051324277578992 0 
1 2.4270509831248432 -1.7633557568774179 0 0.5358267949789971 0.84432792550201463 0 
1 2.6289200401315909 -1.4452610223051461 0 0.42577929156507238 0.90482705246601958 0 
1 2.7893294576647545 -1.1043736580540335 0 0.30901699437494706 0.95105651629515364 0 
1 2.9057494833858937 -0.74606966149456344 0 0.18738131458572366 0.98228725072868894 0 
1 2.9763441039434335 -0.37599970069291133 0 0.062790519529313554 0.99802672842827167 0 
Polygon3D 0
PolygonOnTriangulations 0
Surfaces 51
1 2.5001108395690168 1.5766792701687369 7.4087509303909966 0.99657601337798374 0.062699248274631594 0.053898551236939124 -0.062790519529300357 0.99802672842827256 0 -0.053792194758025963 -0.0033843180340440209 0.99854641663498001 
1 2.4763094033589588 1.7654248640710115 7.4083534621091882 0.98181080192387371 0.18729042711537447 0.031142336722550252 -0.18738131458572768 0.98228725072868817 -8.6736173798840355e-19 -0.030590720320460951 -0.0058354919943428476 0.99951495979973182 
1 2.4290207087673781 1.9497233069421303 7.4079978968298006 0.95099904103841015 0.30899831953198553 0.010993746878712055 -0.30901699437494756 0.95105651629515364 4.3368086899420197e-19 -0.010455674607498605 -0.0033972546173785608 0.999939566938706 
1 2.3589870837936577 2.1266628053223573 7.4076914866870531 0.90480969516237797 0.42577112383796301 -0.0061940008009899331 -0.42577929156507455 0.90482705246601869 0 0.0056044994877318798 0.0026372772729989979 0.99998081699304486 
1 2.2673111294985864 2.2934467740338538 7.4074406660841419 0.84415678938911709 0.53571818869924515 -0.020132988478056328 -0.53582679497899688 0.84432792550201496 -1.7347234759768075e-18 0.016998844395833271 0.010787794689545998 0.99979731084602474 
1 2.1554385115804191 2.447438367212706 7.4072508311836192 0.77015241433816994 0.63712548650494238 -0.030600214622261552 -0.6374239897486923 0.77051324277578714 1.7347234759768067e-18 0.023577870598233807 0.019505310891688232 0.99953170378186185 
1 2.0251352092582602 2.5862025391342804 7.4071261442249474 0.68406728094540059 0.72845766571192316 -0.037435069193238538 0.72896862742141111 -0.68454710592868917 0 -0.02562606827647167 -0.02728899100722065 -0.99929906214030728 
1 1.8784595697938828 2.707544931741622 7.4070693759723456 0.5873021372077436 0.80835204350682044 -0.040536075162309559 0.8090169943749479 -0.58778525229247236 -3.4694469519536134e-18 -0.023826507166224749 -0.032794373691568658 -0.9991780755252968 
1 1.7177296128003192 2.8095469326351536 7.4070817976698029 0.48137084835020016 0.87561032258697002 -0.03985811508025771 0.87630668004386303 -0.48175367410171621 0 -0.019201793382683172 -0.034927932498786868 -0.99920534959649265 
1 1.5454861177654196 2.8905963094037075 7.4071631306282715 0.36789367739920148 0.92919336148092257 -0.035411002661262597 0.9297764858882519 -0.36812455268467675 0 -0.013035659514793192 -0.032924317616168271 -0.99937283377652619 
1 1.3644521075448692 2.9494129026609111 7.4073115573225961 0.24859746964781901 0.96822321866448524 -0.027259804175490471 0.96858316112863108 -0.24868988716485485 8.6736173798840355e-19 -0.006779237624538764 -0.026403387300044021 -0.99962838248836949 
1 1.1774894068361252 2.9850689490225264 7.4075237931399807 0.12531812485076835 0.99199510353191434 -0.015526820427690652 0.99211470131447799 -0.12533323356430315 0 -0.001946026611174746 -0.015404386810981848 -0.99987945165775172 
1 0.98755300544221025 2.9970037036255306 7.4077952132948983 3.2990993989211266e-17 0.99999992212399524 -0.00039465428361160613 0 0.00039465428361160613 0.99999992212399524 1 -3.2990991420004457e-17 1.3020037098446974e-20 
1 0.79764399011390885 2.9850321361643655 7.4081200254839894 -0.12531317394309718 0.99195591306227415 0.017890639370833034 0.99211470131447799 0.12533323356430262 4.3368086899420168e-19 -0.0022422916828793247 0.017749566335719058 -0.99983994970340273 
1 0.61076182570424464 2.9493475811653704 7.408491476050882 -0.24850051536068135 0.96784560664739128 0.039017631384016697 0.96858316112863052 0.24868988716485724 1.7347234759768071e-18 -0.0097032903463311025 0.037791820745682554 -0.99923852229644405 
1 0.42985676709983062 2.8905183289794256 7.4089020760178714 -0.36740231223941883 0.92795231475304107 0.062610242816984199 0.92977648588824757 0.36812455268468752 -3.4694469519536134e-18 -0.023048367630481983 0.058213531546985463 -0.99803805413140356 
1 0.25778316948576785 2.8094782460004439 7.4093438333471466 -0.47987479571945701 0.87288901295407628 0.088232372161627187 0.87630668004386436 0.4817536741017141 0 -0.042506269463573693 0.0773186171213502 -0.99609991893521022 
1 0.097254437919158637 2.7075116089474509 7.4098084790429057 -0.58385851000293587 0.8036122972812314 0.11539720947897016 0.80901699437493102 0.58778525229249579 6.9388939039072299e-18 -0.06782877788744647 0.093358303571930742 -0.9933194269943918 
1 -0.049199680072410115 2.586232427480978 7.410287676877271 -0.67745419043190214 0.72141543958476373 0.14358127800997755 0.72896862742140844 0.68454710592869195 0 -0.098288148327273075 0.104666247154345 -0.98963852825414067 
1 -0.17927280132699383 2.4475586113764285 7.4107732092294567 -0.75899761594832149 0.62789743473405735 0.17224235959587478 -0.63742398974870162 -0.77051324277577948 -1.3877787807814457e-17 0.13271501903556934 -0.10979141205733305 0.98505460232458453 
1 -0.29091800948833779 2.2936814127549079 7.4112571343868341 -0.82712401019989867 0.52490885833501533 0.20083964297983808 -0.53582679497903796 -0.84432792550198887 0 0.16957451911572677 -0.10761526220262088 0.97962413088272349 
1 -0.38237980946788858 2.1270306404437802 7.4117319133491257 -0.88081364783816751 0.4144794410769409 0.2288539069069333 -0.42577929156509986 -0.9048270524660067 0 0.20707320603193038 -0.097441254354739396 0.97346077953527888 
1 -0.45222145644588468 1.9502362023518012 7.4121905064769136 -0.91941322756685195 0.29873546661344902 0.25580546898443973 -0.30901699437486463 -0.95105651629518051 1.3877787807814454e-17 0.24328545818159611 -0.079048237170224203 0.96672827725149901 
1 -0.49934725336252495 1.7660865826142877 7.4126264421094792 -0.94263157921456475 0.17981659066861738 0.28126802091203085 -0.28592861316598295 6.9388939039072299e-18 -0.95825092130035427 -0.17230941367329133 -0.98370015437648228 0.051414708394112996 
1 -0.52301948713770263 1.5774849028460818 7.4130338605106818 -0.95051233846269034 0.059801167494901337 0.30487721265525036 -0.30542382702568205 0 -0.95221651208377311 -0.05694365913053246 -0.9982103086856231 0.018264701436896586 
1 -0.52286975443727035 1.3874032506512817 7.4134075372203112 -0.94338937562396485 -0.059353028657988145 0.32633373093958551 -0.32691005538487528 0 -0.94505545640891253 0.056091903587626238 -0.99823705500703785 -0.019403101885842992 
1 -0.49890451195857433 1.1988359830226281 7.4137428901700213 -0.92183241978129415 -0.17584893880909086 0.34540141945261366 -0.35086895317419353 0 -0.93642457128080836 0.16466926713448801 -0.98441716295466763 -0.061699933076738524 
1 -0.45150477303458592 1.0147527268685095 7.4140359748652083 -0.88659040547065981 -0.28807068522856483 0.36190155186088407 -0.3779219868784035 0 -0.92583744352552511 0.26670662676666068 -0.95760914798885732 -0.10886824572300238 
1 -0.38141996076796963 0.8380518031600529 7.4142834716364741 -0.8385389340171191 -0.39458647075425324 0.3757046356316836 0.42577929156507272 -0.90482705246601958 0 0.3399477180564362 0.15996725359697206 0.92673946002361629 
1 -0.28975601666412193 0.6715147947640111 7.4144826685148937 -0.77863643460359855 -0.49413770717050576 0.38672112569663369 0.53582679497906627 -0.844327925501971 0 0.32651944580722569 0.20721554133272385 0.92219670946058396 
1 -0.17795795148703397 0.51776296077338513 7.4146314427555646 -0.70789166112757052 -0.58561891203871053 0.39489224602243822 0.63742398974870074 -0.77051324277578015 5.5511151231257852e-17 0.30426970502976003 0.25171379098044816 0.91872744273334639 
1 -0.047787110406387084 0.37921617213106523 7.4147282434755697 -0.62734344166709055 -0.668052912112582 0.40018184968235221 -0.72896862742142443 0.68454710592867496 0 -0.27394332704523822 -0.29172001368191108 -0.91643575180413572 
1 0.098706493977750068 0.25805500484655253 7.4147720773187151 -0.53805228161412844 -0.74056543268203234 0.40256997176429449 -0.80901699437497832 0.58778525229243084 2.7755575615628914e-17 -0.23662469241883263 -0.32568594858236943 -0.91538921658150163 
1 0.25921635083434397 0.15618657863340263 7.414762498527268 -0.44110251676844464 -0.80236249936049309 0.40204849125513015 -0.87630668004386592 0.4817536741017111 -2.7755575615628926e-17 -0.19368833782920861 -0.35231777858842839 -0.91561837611500219 
1 0.43121562282350401 0.075214671053289925 7.414699604294877 -0.33761312370023588 -0.85271341304062787 0.39861913391854731 0 -0.42348401412094577 -0.90590357642743113 0.94128496147838736 -0.30584493620888042 0.14297376084448732 
1 0.61199675853688373 0.016414571137700781 7.4145840357900132 -0.22875488719573506 -0.89094146243589489 0.39229391034867656 0 -0.40297928775619751 -0.91520909831552044 0.97348405307126962 -0.20935855404567721 0.092183481512886606 
1 0.79871393050087702 -0.019286936966165995 7.4144169847652366 -0.11577127500848478 -0.91642400550467562 0.38309796921632994 6.9388939039072284e-18 -0.38569139705728311 -0.92262784817931942 0.99327589917550596 -0.10681380234205452 0.044651984797125427 
1 0.98842763987558446 -0.031326149306811116 7.414200205191011 2.6993678599113078e-14 -0.92860300857809064 0.37107472624758281 -1.5777218104420236e-30 -0.37107472624758281 -0.92860300857809064 1 2.5066411159726423e-14 -1.0016671896581122e-14 
1 1.1781507956144039 -0.019511349689051417 7.4139360288614515 0.1171081511704868 -0.92700646999856062 0.35629297707117114 -6.9388939039072315e-18 -0.358761555226844 -0.93342924021653417 0.99311916753702345 0.10931217257023051 -0.042013902443664201 
1 1.3648955533283533 0.015974089538344192 7.4136273834040285 0.23397700297434904 -0.91128026055208811 0.33885549841674389 -1.387778780781446e-17 -0.34852994688372818 -0.93729764542818828 0.97224213140510507 0.21930609397220155 -0.081547992418663798 
1 1.5457201877180275 0.074574462888281484 7.4132778105844048 0.34890313006772583 -0.88122871409671999 0.31890838697090579 -0.9297764858882388 -0.36812455268471 0 0.11739800730106709 -0.29651351935809539 -0.94778554574313656 
1 1.7177752722678099 0.15537030271285857 7.4128914822392611 0.4600681289839294 -0.83686081991087491 0.29665010499125832 -0.87630668004383272 -0.48175367410177156 1.387778780781446e-17 0.14291227800221498 -0.25995646863954397 -0.95498623822999429 
1 1.8783484507960055 0.2570926361033371 7.4124732106173399 0.5655677802627469 -0.77843726755463893 0.2723389550004493 -0.80901699437494057 -0.58778525229248269 -1.387778780781446e-17 0.16007682137401019 -0.22032684282567569 -0.96220137891673341 
1 2.0249071070645792 0.37814271143713168 7.4120284494008066 0.66345912187222533 -0.70651220527074821 0.24629757897307883 -0.72896862742139412 -0.68454710592870727 2.7755575615628907e-17 0.16860229488326828 -0.17954320808121771 -0.96919425431231276 
1 2.1551382704258155 0.51661689535243038 7.4115632812749608 0.75182393898577526 -0.62196285303350551 0.21891316592278184 0.63742398974872105 0.77051324277576339 1.3877787807814457e-17 -0.16867549336147139 0.13954050363102335 0.97574434448049185 
1 2.2669851367153511 0.67033636280028186 7.4110843876915533 0.82884420827268346 -0.52600052922756468 0.19063242553445786 0.53582679497901031 0.84432792550200653 1.3877787807814454e-17 -0.16095628038492452 0.10214596159320335 0.9816614886684969 
1 2.3586796334768443 0.83688113045519952 7.4105989965232775 0.89288224352766754 -0.42015849113286907 0.1619510466837118 0.4257792915651471 0.90482705246598449 6.9388939039072284e-18 -0.146537688214604 0.068955401925224868 0.98679879330998899 
1 2.4287705162602955 1.0136279179075429 7.4101148037346096 0.94255646680744853 -0.30625516087742483 0.13339821331412902 0.30901699437493574 0.95105651629515731 0 -0.12686924003453381 0.041222314933318682 0.99106251905951837 
1 2.4761465473334501 1.1977912622690037 7.4096398660901537 0.97680356785713707 -0.18633524613223609 0.10551760929061287 0.18738131458571605 0.98228725072869039 0 -0.10364860233354023 0.019772028340817004 0.99441743454627429 
1 2.5000543789346281 1.3864672604941359 7.4091824633515664 0.9949196023534308 -0.062595035726180359 0.078846980635464511 -0.079001902734203905 0 0.99687446519828937 -0.062399392763603866 -0.99803900800641965 -0.0049451269240837195 
1 3.5362759631471295e-17 6.1884829355074764e-16 0 0 0 1 1 0 -0 -0 1 0 
Triangulations 0

TShapes 354
Ve
1e-07
3 0 0
0 0

0101101
*
Ve
1e-07
2.97634410394343 0.375999700692913 0
0 0

0101101
*
Ed
 1e-07 1 1 0
1  1 0 0 0.37674311717588
0

0101000
+354 0 -353 0 *
Ve
1e-07
2 3 15
0 0

0101101
*
Ed
 1e-07 1 1 0
1  2 0 0 15.2590506054626
0

0101000
+353 0 -351 0 *
Ed
 1e-07 1 1 0
1  3 0 0 15.3297097167559
0

0101000
+351 0 -354 0 *
Wi

0101100
+352 0 +350 0 +349 0 *
Fa
0  1e-07 1 0

0101000
+348 0 *
Ve
1e-07
2.90574948338589 0.746069661494564 0
0 0

0101101
*
Ed
 1e-07 1 1 0
1  4 0 0 0.37674311717588
0

0101000
+353 0 -346 0 *
Ed
 1e-07 1 1 0
1  5 0 0 15.1954132585293
0

0101000
+346 0 -351 0 *
Ed
 1e-07 1 1 0
1  6 0 0 15.2590506054626
0

0101000
+351 0 -353 0 *
Wi

0101100
+345 0 +344 0 +343 0 *
Fa
0  1e-07 2 0

0101000
+342 0 *
Ve
1e-07
2.78932945766475 1.10437365805403 0
0 0

0101101
*
Ed
 1e-07 1 1 0
1  7 0 0 0.37674311717588
0

0101000
+346 0 -340 0 *
Ed
 1e-07 1 1 0
1  8 0 0 15.1398956476264
0

0101000
+340 0 -351 0 *
Ed
 1e-07 1 1 0
1  9 0 0 15.1954132585293
0

0101000
+351 0 -346 0 *
Wi

0101100
+339 0 +338 0 +337 0 *
Fa
0  1e-07 3 0

0101000
+336 0 *
Ve
1e-07
2.62892004013159 1.44526102230515 0
0 0

0101101
*
Ed
 1e-07 1 1 0
1  10 0 0 0.37674311717588
0

0101000
+340 0 -334 0 *
Ed
 1e-07 1 1 0
1  11 0 0 15.0934672526111
0

0101000
+334 0 -351 0 *
Ed
 1e-07 1 1 0
1  12 0 0 15.1398956476264
0

0101000
+351 0 -340 0 *
Wi

0101100
+333 0 +332 0 +331 0 *
Fa
0  1e-07 4 0

0101000
+330 0 *
Ve
1e-07
2.42705098312484 1.76335575687742 0
0 0

0101101
*
Ed
 1e-07 1 1 0
1  13 0 0 0.37674311717588
0

0101000
+334 0 -328 0 *
Ed
 1e-07 1 1 0
1  14 0 0 15.0569472844344
0

0101000
+328 0 -351 0 *
Ed
 1e-07 1 1 0
1  15 0 0 15.0934672526111
0

0101000
+351 0 -334 0 *
Wi

0101100
+327 0 +326 0 +325 0 *
Fa
0  1e-07 5 0

0101000
+324 0 *
Ve
1e-07
2.18690588226423 2.05364131778607 0
0 0

0101101
*
Ed
 1e-07 1 1 0
1  16 0 0 0.37674311717588
0

0101000
+328 0 -322 0 *
Ed
 1e-07 1 1 0
1  17 0 0 15.0309856151959
0

0101000
+322 0 -351 0 *
Ed
 1e-07 1 1 0
1  18 0 0 15.0569472844344
0

0101000
+351 0 -328 0 *
Wi

0101100
+321 0 +320 0 +319 0 *
Fa
0  1e-07 6 0

0101000
+318 0 *
Ve
1e-07
1.91227196924607 2.31153972832737 0
0 0

0101101
*
Ed
 1e-07 1 1 0
1  19 0 0 0.37674311717588
0

0101000
+322 0 -316 0 *
Ed
 1e-07 1 1 0
1  20 0 0 15.0160472080056
0

0101000
+316 0 -351 0 *
Ed
 1e-07 1 1 0
1  21 0 0 15.0309856151959
0

0101000
+351 0 -322 0 *
Wi

0101100
+315 0 +314 0 +313 0 *
Fa
0  1e-07 7 0

0101000
+312 0 *
Ve
1e-07
1.60748038493699 2.53298377650605 0
0 0

0101101
*
Ed
 1e-07 1 1 0
1  22 0 0 0.37674311717588
0

0101000
+316 0 -310 0 *
Ed
 1e-07 1 1 0
1  23 0 0 15.0124007341003
0

0101000
+310 0 -351 0 *
Ed
 1e-07 1 1 0
1  24 0 0 15.0160472080056
0

0101000
+351 0 -316 0 *
Wi

0101100
+309 0 +308 0 +307 0 *
Fa
0  1e-07 8 0

0101000
+306 0 *
Ve
1e-07
1.27733787469522 2.71448115739806 0
0 0

0101101
*
Ed
 1e-07 1 1 0
1  25 0 0 0.37674311717588
0

0101000
+310 0 -304 0 *
Ed
 1e-07 1 1 0
1  26 0 0 15.0201119022739
0

0101000
+304 0 -351 0 *
Ed
 1e-07 1 1 0
1  27 0 0 15.0124007341003
0

0101000
+351 0 -310 0 *
Wi

0101100
+303 0 +302 0 +301 0 *
Fa
0  1e-07 9 0

0101000
+300 0 *
Ve
1e-07
0.927050983124842 2.85316954888546 0
0 0

0101101
*
Ed
 1e-07 1 1 0
1  28 0 0 0.37674311717588
0

0101000
+304 0 -298 0 *
Ed
 1e-07 1 1 0
1  29 0 0 15.0390418170237
0

0101000
+298 0 -351 0 *
Ed
 1e-07 1 1 0
1  30 0 0 15.0201119022739
0

0101000
+351 0 -304 0 *
Wi

0101100
+297 0 +296 0 +295 0 *
Fa
0  1e-07 10 0

0101000
+294 0 *
Ve
1e-07
0.562143943757174 2.94686175218607 0
0 0

0101101
*
Ed
 1e-07 1 1 0
1  31 0 0 0.376743117175881
0

0101000
+298 0 -292 0 *
Ed
 1e-07 1 1 0
1  32 0 0 15.0688504442726
0

0101000
+292 0 -351 0 *
Ed
 1e-07 1 1 0
1  33 0 0 15.0390418170237
0

0101000
+351 0 -298 0 *
Wi

0101100
+291 0 +290 0 +289 0 *
Fa
0  1e-07 11 0

0101000
+288 0 *
Ve
1e-07
0.18837155858794 2.99408018528481 0
0 0

0101101
*
Ed
 1e-07 1 1 0
1  34 0 0 0.37674311717588
0

0101000
+292 0 -286 0 *
Ed
 1e-07 1 1 0
1  35 0 0 15.1090050186615
0

0101000
+286 0 -351 0 *
Ed
 1e-07 1 1 0
1  36 0 0 15.0688504442726
0

0101000
+351 0 -292 0 *
Wi

0101100
+285 0 +284 0 +283 0 *
Fa
0  1e-07 12 0

0101000
+282 0 *
Ve
1e-07
-0.18837155858794 2.99408018528481 0
0 0

0101101
*
Ed
 1e-07 1 1 0
1  37 0 0 0.37674311717588
0

0101000
+286 0 -280 0 *
Ed
 1e-07 1 1 0
1  38 0 0 15.1587929968927
0

0101000
+280 0 -351 0 *
Ed
 1e-07 1 1 0
1  39 0 0 15.1090050186615
0

0101000
+351 0 -286 0 *
Wi

0101100
+279 0 +278 0 +277 0 *
Fa
0  1e-07 13 0

0101000
+276 0 *
Ve
1e-07
-0.562143943757174 2.94686175218607 0
0 0

0101101
*
Ed
 1e-07 1 1 0
1  40 0 0 0.376743117175881
0

0101000
+280 0 -274 0 *
Ed
 1e-07 1 1 0
1  41 0 0 15.2173389678325
0

0101000
+274 0 -351 0 *
Ed
 1e-07 1 1 0
1  42 0 0 15.1587929968927
0

0101000
+351 0 -280 0 *
Wi

0101100
+273 0 +272 0 +271 0 *
Fa
0  1e-07 14 0

0101000
+270 0 *
Ve
1e-07
-0.927050983124843 2.85316954888546 0
0 0

0101101
*
Ed
 1e-07 1 1 0
1  43 0 0 0.37674311717588
0

0101000
+274 0 -268 0 *
Ed
 1e-07 1 1 0
1  44 0 0 15.2836247873071
0

0101000
+268 0 -351 0 *
Ed
 1e-07 1 1 0
1  45 0 0 15.2173389678325
0

0101000
+351 0 -274 0 *
Wi

0101100
+267 0 +266 0 +265 0 *
Fa
0  1e-07 15 0

0101000
+264 0 *
Ve
1e-07
-1.27733787469522 2.71448115739806 0
0 0

0101101
*
Ed
 1e-07 1 1 0
1  46 0 0 0.37674311717588
0

0101000
+268 0 -262 0 *
Ed
 1e-07 1 1 0
1  47 0 0 15.356512122041
0

0101000
+262 0 -351 0 *
Ed
 1e-07 1 1 0
1  48 0 0 15.2836247873071
0

0101000
+351 0 -268 0 *
Wi

0101100
+261 0 +260 0 +259 0 *
Fa
0  1e-07 16 0

0101000
+258 0 *
Ve
1e-07
-1.60748038493699 2.53298377650605 0
0 0

0101101
*
Ed
 1e-07 1 1 0
1  49 0 0 0.376743117175881
0

0101000
+262 0 -256 0 *
Ed
 1e-07 1 1 0
1  50 0 0 15.4347665638555
0

0101000
+256 0 -351 0 *
Ed
 1e-07 1 1 0
1  51 0 0 15.356512122041
0

0101000
+351 0 -262 0 *
Wi

0101100
+255 0 +254 0 +253 0 *
Fa
0  1e-07 17 0

0101000
+252 0 *
Ve
1e-07
-1.91227196924607 2.31153972832737 0
0 0

0101101
*
Ed
 1e-07 1 1 0
1  52 0 0 0.376743117175879
0

0101000
+256 0 -250 0 *
Ed
 1e-07 1 1 0
1  53 0 0 15.5170825062903
0

0101000
+250 0 -351 0 *
Ed
 1e-07 1 1 0
1  54 0 0 15.4347665638555
0

0101000
+351 0 -256 0 *
Wi

0101100
+249 0 +248 0 +247 0 *
Fa
0  1e-07 18 0

0101000
+246 0 *
Ve
1e-07
-2.18690588226423 2.05364131778607 0
0 0

0101101
*
Ed
 1e-07 1 1 0
1  55 0 0 0.376743117175881
0

0101000
+250 0 -244 0 *
Ed
 1e-07 1 1 0
1  56 0 0 15.6021080505918
0

0101000
+244 0 -351 0 *
Ed
 1e-07 1 1 0
1  57 0 0 15.5170825062903
0

0101000
+351 0 -250 0 *
Wi

0101100
+243 0 +242 0 +241 0 *
Fa
0  1e-07 19 0

0101000
+240 0 *
Ve
1e-07
-2.42705098312484 1.76335575687742 0
0 0

0101101
*
Ed
 1e-07 1 1 0
1  58 0 0 0.376743117175879
0

0101000
+244 0 -238 0 *
Ed
 1e-07 1 1 0
1  59 0 0 15.6884693132005
0

0101000
+238 0 -351 0 *
Ed
 1e-07 1 1 0
1  60 0 0 15.6021080505918
0

0101000
+351 0 -244 0 *
Wi

0101100
+237 0 +236 0 +235 0 *
Fa
0  1e-07 20 0

0101000
+234 0 *
Ve
1e-07
-2.62892004013159 1.44526102230515 0
0 0

0101101
*
Ed
 1e-07 1 1 0
1  61 0 0 0.376743117175881
0

0101000
+238 0 -232 0 *
Ed
 1e-07 1 1 0
1  62 0 0 15.7747936286563
0

0101000
+232 0 -351 0 *
Ed
 1e-07 1 1 0
1  63 0 0 15.6884693132005
0

0101000
+351 0 -238 0 *
Wi

0101100
+231 0 +230 0 +229 0 *
Fa
0  1e-07 21 0

0101000
+228 0 *
Ve
1e-07
-2.78932945766475 1.10437365805403 0
0 0

0101101
*
Ed
 1e-07 1 1 0
1  64 0 0 0.376743117175881
0

0101000
+232 0 -226 0 *
Ed
 1e-07 1 1 0
1  65 0 0 15.8597312676582
0

0101000
+226 0 -351 0 *
Ed
 1e-07 1 1 0
1  66 0 0 15.7747936286563
0

0101000
+351 0 -232 0 *
Wi

0101100
+225 0 +224 0 +223 0 *
Fa
0  1e-07 22 0

0101000
+222 0 *
Ve
1e-07
-2.90574948338589 0.746069661494564 0
0 0

0101101
*
Ed
 1e-07 1 1 0
1  67 0 0 0.376743117175879
0

0101000
+226 0 -220 0 *
Ed
 1e-07 1 1 0
1  68 0 0 15.9419754097344
0

0101000
+220 0 -351 0 *
Ed
 1e-07 1 1 0
1  69 0 0 15.8597312676582
0

0101000
+351 0 -226 0 *
Wi

0101100
+219 0 +218 0 +217 0 *
Fa
0  1e-07 23 0

0101000
+216 0 *
Ve
1e-07
-2.97634410394343 0.375999700692912 0
0 0

0101101
*
Ed
 1e-07 1 1 0
1  70 0 0 0.376743117175881
0

0101000
+220 0 -214 0 *
Ed
 1e-07 1 1 0
1  71 0 0 16.0202802163887
0

0101000
+214 0 -351 0 *
Ed
 1e-07 1 1 0
1  72 0 0 15.9419754097344
0

0101000
+351 0 -220 0 *
Wi

0101100
+213 0 +212 0 +211 0 *
Fa
0  1e-07 24 0

0101000
+210 0 *
Ve
1e-07
-3 -9.64873589805982e-16 0
0 0

0101101
*
Ed
 1e-07 1 1 0
1  73 0 0 0.376743117175881
0

0101000
+214 0 -208 0 *
Ed
 1e-07 1 1 0
1  74 0 0 16.0934769394311
0

0101000
+208 0 -351 0 *
Ed
 1e-07 1 1 0
1  75 0 0 16.0202802163887
0

0101000
+351 0 -214 0 *
Wi

0101100
+207 0 +206 0 +205 0 *
Fa
0  1e-07 25 0

0101000
+204 0 *
Ve
1e-07
-2.97634410394343 -0.375999700692913 0
0 0

0101101
*
Ed
 1e-07 1 1 0
1  76 0 0 0.376743117175879
0

0101000
+208 0 -202 0 *
Ed
 1e-07 1 1 0
1  77 0 0 16.1604880687413
0

0101000
+202 0 -351 0 *
Ed
 1e-07 1 1 0
1  78 0 0 16.0934769394311
0

0101000
+351 0 -208 0 *
Wi

0101100
+201 0 +200 0 +199 0 *
Fa
0  1e-07 26 0

0101000
+198 0 *
Ve
1e-07
-2.90574948338589 -0.746069661494565 0
0 0

0101101
*
Ed
 1e-07 1 1 0
1  79 0 0 0.376743117175881
0

0101000
+202 0 -196 0 *
Ed
 1e-07 1 1 0
1  80 0 0 16.2203395742047
0

0101000
+196 0 -351 0 *
Ed
 1e-07 1 1 0
1  81 0 0 16.1604880687413
0

0101000
+351 0 -202 0 *
Wi

0101100
+195 0 +194 0 +193 0 *
Fa
0  1e-07 27 0

0101000
+192 0 *
Ve
1e-07
-2.78932945766475 -1.10437365805403 0
0 0

0101101
*
Ed
 1e-07 1 1 0
1  82 0 0 0.376743117175881
0

0101000
+196 0 -190 0 *
Ed
 1e-07 1 1 0
1  83 0 0 16.2721713295732
0

0101000
+190 0 -351 0 *
Ed
 1e-07 1 1 0
1  84 0 0 16.2203395742047
0

0101000
+351 0 -196 0 *
Wi

0101100
+189 0 +188 0 +187 0 *
Fa
0  1e-07 28 0

0101000
+186 0 *
Ve
1e-07
-2.62892004013159 -1.44526102230515 0
0 0

0101101
*
Ed
 1e-07 1 1 0
1  85 0 0 0.376743117175879
0

0101000
+190 0 -184 0 *
Ed
 1e-07 1 1 0
1  86 0 0 16.3152458239022
0

0101000
+184 0 -351 0 *
Ed
 1e-07 1 1 0
1  87 0 0 16.2721713295732
0

0101000
+351 0 -190 0 *
Wi

0101100
+183 0 +182 0 +181 0 *
Fa
0  1e-07 29 0

0101000
+180 0 *
Ve
1e-07
-2.42705098312484 -1.76335575687742 0
0 0

0101101
*
Ed
 1e-07 1 1 0
1  88 0 0 0.376743117175881
0

0101000
+184 0 -178 0 *
Ed
 1e-07 1 1 0
1  89 0 0 16.3489552716302
0

0101000
+178 0 -351 0 *
Ed
 1e-07 1 1 0
1  90 0 0 16.3152458239022
0

0101000
+351 0 -184 0 *
Wi

0101100
+177 0 +176 0 +175 0 *
Fa
0  1e-07 30 0

0101000
+174 0 *
Ve
1e-07
-2.18690588226423 -2.05364131778607 0
0 0

0101101
*
Ed
 1e-07 1 1 0
1  91 0 0 0.376743117175879
0

0101000
+178 0 -172 0 *
Ed
 1e-07 1 1 0
1  92 0 0 16.3728272279339
0
