DBRep_DrawableShape

CASCADE Topology V2, (c) Matra-Datavision
Locations 0
Curve2ds 0
Curves 24
1 5 0 60 -0.70710678118654746 0.70710678118654746 0 
1 3.0616169978683831e-16 5 60 -0.70710678118654757 -0.70710678118654746 0 
1 -5 6.1232339957367663e-16 60 0.70710678118654735 -0.70710678118654757 0 
1 -9.1848509936051479e-16 -5 60 0.70710678118654757 0.70710678118654746 0 
1 10 0 0 -0.70710678118654746 0.70710678118654746 0 
1 6.1232339957367663e-16 10 0 -0.70710678118654757 -0.70710678118654746 0 
1 -10 1.2246467991473533e-15 0 0.70710678118654735 -0.70710678118654757 0 
1 -1.8369701987210296e-15 -10 0 0.70710678118654757 0.70710678118654746 0 
1 10 0 0 -0.70710678118654746 0.70710678118654746 0 
1 6.1232339957367663e-16 10 0 -5.0850690543269336e-18 -0.083045479853739973 0.99654575824487968 
1 3.0616169978683831e-16 5 60 0.70710678118654746 -0.70710678118654746 0 
1 5 0 60 0.083045479853739973 0 -0.99654575824487968 
1 6.1232339957367663e-16 10 0 -0.70710678118654757 -0.70710678118654746 0 
1 -10 1.2246467991473533e-15 0 0.083045479853739973 -1.0170138108653867e-17 0.99654575824487968 
1 -5 6.1232339957367663e-16 60 0.70710678118654757 0.70710678118654746 0 
1 3.0616169978683831e-16 5 60 5.0850690543269336e-18 0.083045479853739973 -0.99654575824487968 
1 -10 1.2246467991473533e-15 0 0.70710678118654735 -0.70710678118654757 0 
1 -1.8369701987210296e-15 -10 0 1.5255207162980798e-17 0.083045479853739973 0.99654575824487968 
1 -9.1848509936051479e-16 -5 60 -0.70710678118654735 0.70710678118654757 0 
1 -5 6.1232339957367663e-16 60 -0.083045479853739973 1.0170138108653867e-17 -0.99654575824487968 
1 -1.8369701987210296e-15 -10 0 0.70710678118654757 0.70710678118654746 0 
1 10 0 0 -0.083045479853739973 0 0.99654575824487968 
1 5 0 60 -0.70710678118654757 -0.70710678118654746 0 
1 -9.1848509936051479e-16 -5 60 -1.5255207162980798e-17 -0.083045479853739973 -0.99654575824487968 
Polygon3D 0
PolygonOnTriangulations 0
Surfaces 6
1 0 -1.25607396694702e-16 60 0 0 1 1 0 -0 -0 1 0 
1 0 -2.5121479338940401e-16 0 0 0 1 1 0 -0 -0 1 0 
1 3.8124083023395299 3.8124083023395299 28.502200743851269 0.70588235294117652 0.70588235294117641 0.058823529411764684 -0.70710678118654746 0.70710678118654757 0 -0.041594516540385137 -0.041594516540385131 0.99826839696924363 
1 -3.8124083023395308 3.8124083023395308 28.502200743851276 -0.70588235294117641 0.70588235294117652 0.058823529411764733 0.70710678118654757 0.70710678118654746 0 -0.041594516540385165 0.041594516540385172 -0.99826839696924363 
1 -3.8124083023395308 -3.8124083023395299 28.502200743851269 -0.70588235294117652 -0.70588235294117641 0.058823529411764705 0.70710678118654746 -0.70710678118654757 0 0.041594516540385151 0.041594516540385144 0.99826839696924363 
1 3.8124083023395299 -3.8124083023395294 28.502200743851272 0.70588235294117641 -0.70588235294117652 0.058823529411764719 -0.70710678118654757 -0.70710678118654746 0 0.041594516540385151 -0.041594516540385158 -0.99826839696924363 
Triangulations 0

TShapes 53
Ve
1e-07
5 0 60
0 0

0101101
*
Ve
1e-07
3.06161699786838e-16 5 60
0 0

0101101
*
Ed
 1e-07 1 1 0
1  1 0 0 7.07106781186548
0

0101000
+53 0 -52 0 *
Ve
1e-07
-5 6.12323399573677e-16 60
0 0

0101101
*
Ed
 1e-07 1 1 0
1  2 0 0 7.07106781186547
0

0101000
+52 0 -50 0 *
Ve
1e-07
-9.18485099360515e-16 -5 60
0 0

0101101
*
Ed
 1e-07 1 1 0
1  3 0 0 7.07106781186548
0

0101000
+50 0 -48 0 *
Ed
 1e-07 1 1 0
1  4 0 0 7.07106781186548
0

0101000
+48 0 -53 0 *
Wi

0101100
+51 0 +49 0 +47 0 +46 0 *
Fa
0  1e-07 1 0

0101000
+45 0 *
Ve
1e-07
10 0 0
0 0

0101101
*
Ve
1e-07
6.12323399573677e-16 10 0
0 0

0101101
*
Ed
 1e-07 1 1 0
1  5 0 0 14.142135623731
0

0101000
+43 0 -42 0 *
Ve
1e-07
-10 1.22464679914735e-15 0
0 0

0101101
*
Ed
 1e-07 1 1 0
1  6 0 0 14.1421356237309
0

0101000
+42 0 -40 0 *
Ve
1e-07
-1.83697019872103e-15 -10 0
0 0

0101101
*
Ed
 1e-07 1 1 0
1  7 0 0 14.142135623731
0

0101000
+40 0 -38 0 *
Ed
 1e-07 1 1 0
1  8 0 0 14.142135623731
0

0101000
+38 0 -43 0 *
Wi

0101100
+41 0 +39 0 +37 0 +36 0 *
Fa
0  1e-07 2 0

0101000
+35 0 *
Ve
1e-07
10 0 0
0 0

0101101
*
Ve
1e-07
6.12323399573677e-16 10 0
0 0

0101101
*
Ed
 1e-07 1 1 0
1  9 0 0 14.142135623731
0

0101000
+33 0 -32 0 *
Ve
1e-07
3.06161699786838e-16 5 60
0 0

0101101
*
Ed
 1e-07 1 1 0
1  10 0 0 60.2079728939615
0

0101000
+32 0 -30 0 *
Ve
1e-07
5 0 60
0 0

0101101
*
Ed
 1e-07 1 1 0
1  11 0 0 7.07106781186548
0

0101000
+30 0 -28 0 *
Ed
 1e-07 1 1 0
1  12 0 0 60.2079728939615
0

0101000
+28 0 -33 0 *
Wi

0101100
+31 0 +29 0 +27 0 +26 0 *
Fa
0  1e-07 3 0

0101000
+25 0 *
Ve
1e-07
-10 1.22464679914735e-15 0
0 0

0101101
*
Ed
 1e-07 1 1 0
1  13 0 0 14.1421356237309
0

0101000
+32 0 -23 0 *
Ve
1e-07
-5 6.12323399573677e-16 60
0 0

0101101
*
Ed
 1e-07 1 1 0
1  14 0 0 60.2079728939615
0

0101000
+23 0 -21 0 *
Ed
 1e-07 1 1 0
1  15 0 0 7.07106781186547
0

0101000
+21 0 -30 0 *
Ed
 1e-07 1 1 0
1  16 0 0 60.2079728939615
0

0101000
+30 0 -32 0 *
Wi

0101100
+22 0 +20 0 +19 0 +18 0 *
Fa
0  1e-07 4 0

0101000
+17 0 *
Ve
1e-07
-1.83697019872103e-15 -10 0
0 0

0101101
*
Ed
 1e-07 1 1 0
1  17 0 0 14.142135623731
0

0101000
+23 0 -15 0 *
Ve
1e-07
-9.18485099360515e-16 -5 60
0 0

0101101
*
Ed
 1e-07 1 1 0
1  18 0 0 60.2079728939615
0

0101000
+15 0 -13 0 *
Ed
 1e-07 1 1 0
1  19 0 0 7.07106781186548
0

0101000
+13 0 -21 0 *
Ed
 1e-07 1 1 0
1  20 0 0 60.2079728939615
0

0101000
+21 0 -23 0 *
Wi

0101100
+14 0 +12 0 +11 0 +10 0 *
Fa
0  1e-07 5 0

0101000
+9 0 *
Ed
 1e-07 1 1 0
1  21 0 0 14.142135623731
0

0101000
+15 0 -33 0 *
Ed
 1e-07 1 1 0
1  22 0 0 60.2079728939615
0

0101000
+33 0 -28 0 *
Ed
 1e-07 1 1 0
1  23 0 0 7.07106781186548
0

0101000
+28 0 -13 0 *
Ed
 1e-07 1 1 0
1  24 0 0 60.2079728939615
0

0101000
+13 0 -15 0 *
Wi

0101100
+7 0 +6 0 +5 0 +4 0 *
Fa
0  1e-07 6 0

0101000
+3 0 *
Co

1100000
+44 0 +34 0 +24 0 +16 0 +8 0 +2 0 *

+1 0 